npos	sh_rad	tau		diff		absDiff		vfrac

300		9		20		0.001112	0.555859	41.15%
				30		0.000976	0.487808
				50		0.000831	0.415509
				75		0.000731	0.365578
				100		0.000663	0.331392

300		11		20		0.001599	0.799270	22.54%
				30		0.001537	0.768295
				50		0.001431	0.715541
				75		0.001371	0.685729
				100		0.001316	0.657812

300		14		20		0.001858	0.928973	10.93%
				30		0.001829	0.914712
				50		0.001773	0.886723
				75		0.001742	0.871180
				100		0.001726	0.863127

300		18		20		0.001947	0.973431	5.14%
				30		0.001935	0.967371
				50		0.001904	0.951816
				75		0.001880	0.939940
				100		0.001854	0.927242

300		24		20		0.001982	0.991152	2.17%
						0.001970	0.985030
						0.001945	0.972534
						0.001940	0.970101
						0.001924	0.961927