-5.001904 
18.089378 
-28.545864 
23.612698 
-18.737448 
13.803844 
3.121964 
35.977615 
-7.593800 
-17.161428 
-17.243462 
10.164742 
-29.397358 
-21.621593 
29.429604 
24.245728 
-22.640692 
-11.788269 
37.107063 
-31.333042 
-26.780674 
-30.962940 
-35.588543 
8.793453 
-29.046656 
8.023632 
-26.518818 
1.561489 
39.132408 
-8.102127 
15.419025 
-5.869495 
-30.012745 
26.873161 
-22.256796 
-8.750193 
0.676998 
20.865162 
-12.772575 
33.083199 
-36.296265 
9.983963 
3.247944 
-25.693624 
28.362366 
-7.322449 
38.552101 
-34.278320 
20.889282 
35.659172 
-25.611366 
34.108612 
-35.303772 
-21.199909 
2.902065 
-24.350430 
26.823723 
16.383247 
17.211060 
25.956131 

