0.235014
0.783155
0.451608
0.333923
0.896771
0.670821
0.211010
0.434106
0.091763
0.854707
0.870557
0.962892
0.455753
0.639272
0.594372
0.472528
0.350048
0.475311
0.154189
0.625265
0.020735
0.915618
0.804746
0.884295
0.587902
0.335903
0.91726
0.232675
0.622547
0.906866
0.056653
0.998629
0.786767
0.869186
0.749660
0.372897
0.388932
0.967269
0.759660
0.317317
0.234971
0.950926
0.860236
0.971661
0.677892
0.776407
0.562187
0.926486
0.898090
0.878212
0.286134
0.500760
0.192999
0.574450
0.191628
0.361217
0.468773
0.110878
0.841669
0.385754
